11015065
11015463
11015689
11016658
11016677
11017565
11017822
11018883
11019447
11019798
11020456
11020818
11021706
11022730
11023111
11023314
11023848
11024052
11024890
11024896
11027165
11028407
11028990
11028997
11029096
11029227
11033154
11033727
11034341
11035208
11035644
11035854
11036336
11037207
11039010
11040721
11041019
11041250
11041424
11042482
11042571
11043682
11044520
11046572
11046574
11048777
11049511
11049517
11050803
11050807
11051333
11051818
11052554
11053874
11055406
11056146
11057330
11058875
11059309
11061689
11069550
11073569
11074433
11074626
11076640
11076908
11081286
11086015
11088346
11089160
11089426
11089506
11090020
11092028
11092895
11096343
11097372
11098227
11098805
11101384
11101847
11101904
11102757
11102953
11103229
11104502
11104606
11104791
11106207
11106517
11109519
11111109
11112360
11115010
11116556
11116782
11117253
11117581
11119651
11119706
11120323
11120449
11121359
11121555
11122031
11122628
11123111
11124051
11129279
11130573
11133217
11133332
11133362
11133847
11134266
11134609
11134721
11135171
11135882
11135904
11136186
11136330
11136462
11137222
11137352
11138271
11138354
11139628
11141127
11141229
11141892
11142500
11143008
11143029
11143570
11144351
11144352
11144975
11145501
11146921
11148228
11149517
11149685
11150631
11151202
11151271
11151454
11152203
11152441
11153745
11154757
11154761
11154780
11155672
11158021
11158239
11158302
11158650
11158681
11158886
11159290
11159461
11159894
11160212
11160221
11161081
11161253
11161478
