P006    26-Jun-2018 19:15:07   -14.433683  -179.489850   0.640  1.000    15430  14960    87217    59   20     7   5   5
P007    27-Jun-2018 18:40:06   -13.511750  -176.492667   0.790  1.370    15452  14626    83197   171   30     7   4   4
P008    05-Aug-2018 13:25:04   -12.008233  -172.023100   0.520  0.860    15465  14998    88199    80   30    16   3   3
P009    06-Aug-2018 15:32:50   -12.099433  -168.399733   0.650  1.150    15414  14908    84523   -18   20     7   0   0
P010    07-Aug-2018 12:56:16   -14.043483  -165.862533   0.660  1.190    15333  14808    84981    54   30     7   3   3
P011    09-Aug-2018 11:03:12   -14.000417  -159.593400   0.550  1.090    15338  14666    84226   -19   20     7   3   3
P012    10-Aug-2018 19:18:49   -15.005483  -154.983350   0.530  0.940    15365  14781    83047   120   20     0   0   0
P013    31-Aug-2018 17:02:48   -11.499367  -144.003050   0.530  0.880    15297  14733    81989    63   30     7   3   3
P016    03-Sep-2018 07:11:48    -9.000000  -138.397550   0.660  1.220    15399  14872    82086   -22   20     7   4   4
P017    04-Sep-2018 11:04:02    -9.989900  -135.034383   0.780  1.030    15361  14821    82826   191   20     9   4   4
P018    05-Sep-2018 17:39:31   -12.273467  -132.196483   0.660  1.120    15378  14873    82212    91   20     8   3   0
P019    06-Sep-2018 20:11:04   -15.399867  -130.741183   0.710  0.920    15396  14857    82355    70   20     8   4   4
P020    08-Sep-2018 10:38:47   -20.298300  -130.667133   0.640  0.800    15237  14628    82164    33   40     7   3   3
P021    09-Sep-2018 17:43:45   -23.647167  -133.321800   0.780  1.140    15442  14768    80644   233   30     7   3   3
P022    10-Sep-2018 19:09:48   -24.142517  -136.613917   0.720  1.070    15363  14782    80135     6   20     7   3   3
P023    13-Sep-2018 02:19:49   -24.176133  -141.111500   1.110  1.830    14628  13873    79373   231   20     7   2   2
P024    13-Sep-2018 08:53:23   -24.272183  -145.466650   0.670  1.180    15459  14927    81287   157   20     7   3   3
P025    14-Sep-2018 11:58:11   -22.024383  -148.473450   0.590  0.900    15448  14757    81178   100   30     7   3   3
N001    27-Dec-2018 01:07:34     1.773533  -146.330350   3.310  3.280    15485  13982    85078   162   10     7   2   2
N002    28-Dec-2018 15:49:41    -3.191133  -139.727250   5.690  3.010    15487  14423    85276  -164   10     9   2   0
N003    01-Jan-2019 22:39:13   -15.725467  -120.459433   1.810  2.690    15492  14055    83663   160    0     7   2   2
N004    03-Jan-2019 00:29:44   -18.389183  -115.238700   1.820  2.050    15521  14426    84459    36   20     7   2   2
N005    04-Jan-2019 01:05:46   -20.860100  -110.274217   7.220  4.020    15505  14217    84365   -10    0     7   2   0
P0026   06-Aug-2019 02:53:00   -12.054667  -150.988533   0.660  0.980    15443  14868    81579     3   20     7   3   3
P0027   06-Aug-2019 15:56:04   -10.021500  -150.013200   0.650  1.020    15394  14836    79549    54   10     7   3   3
P0028   07-Aug-2019 05:24:02    -8.021000  -149.011533   0.660  0.930    15376  14813    83312    55   30     7   3   3
P0029   07-Aug-2019 19:38:04    -6.021083  -148.011417   0.680  1.130    15352  14705    82962   187   30     8   3   3
P0031   08-Aug-2019 10:53:04    -5.007217  -146.014750   0.700  1.290    15469  14812    84433   113   20     7   3   3
P0032   09-Aug-2019 04:14:04    -5.997417  -144.008983   0.630  0.970    15377  14818    85053   204   30     7   3   3
P0033   10-Aug-2019 09:42:04    -7.298583  -140.009083   0.800  1.210    15468  14845    84434    31   20     7   3   3
P0034   12-Aug-2019 19:44:03   -15.287083  -134.804383   0.850  1.290    15304  14490    83973   160   20     7   3   3
P0035   13-Aug-2019 16:21:04   -18.371300  -137.573800   0.720  1.800    15392  14810    83926   161   20     7   3   3
P0036   14-Aug-2019 20:56:01   -21.717850  -140.966700   0.640  0.880    15414  14741    80579  -103   20     7   3   3
P0037   16-Aug-2019 23:53:04   -26.986467  -149.025933   0.750  1.220    15342  14743    79429   171   40     7   3   3
P0038   17-Aug-2019 10:58:04   -27.979300  -150.958900   0.740  1.070    14927  14207    79076    67   30     7   6   6
P0039   17-Aug-2019 22:06:03   -28.583267  -153.228467   0.720  1.150    15315  14668    79080    34   30     7   3   3
P0040   18-Aug-2019 10:57:03   -29.396900  -155.592217   0.690  1.090    14855  14168    79752   -14   20     7   6   6
P0041   19-Aug-2019 09:30:05   -30.992917  -159.980033   0.940  1.550    15296  14573    80731    45   30     7   4   4
P0042   19-Aug-2019 19:27:02   -30.511167  -161.955917   0.750  0.970    15273  14663    75993   131   20     7   4   4
P0043   20-Aug-2019 06:15:00   -30.013583  -163.938183   0.870  1.600    15239  14608    79767   -11   30     7   3   3
P0044   21-Aug-2019 06:19:01   -28.028117  -167.944083   0.830  1.510    15272  14655    79969   132   20     7   4   4
P0045   21-Aug-2019 17:44:04   -27.012550  -169.975100   0.710  1.220    15304  14681    80021   100   20     7   4   4
P0046   22-Aug-2019 04:22:03   -26.542367  -172.157550   0.960  1.440    15201  14452    83594   101   20     7   3   3
P0047   22-Aug-2019 17:14:04   -26.007500  -174.879217   0.930  1.460    15339  14766    81881    39   20     7   3   3
P0048   24-Aug-2019 18:03:01   -25.581683  -177.631200   0.530  0.910    14711  14015    79188    40   20     7   0   0
P0049   24-Aug-2019 18:49:00   -24.609200  -179.977850   0.630  1.090    15307  14680    82617    34   20     7   3   3
P0050   11-Aug-2019 21:19:03   -11.436033  -136.153650   0.650  0.890    15392  14713    84895   -53   30     7   3   3
P0052   16-Aug-2019 01:56:05   -24.783567  -145.171333   0.690  1.460    15432  14825    86095    30   20     7   3   3
P0053   18-Aug-2019 22:48:04   -30.186533  -157.763683   0.900  1.190    15215  14580    80338    68   10     7   3   3
P0054   20-Aug-2019 18:14:05   -29.009550  -165.980967   0.760  1.280    15265  14642    80376    41   20     7   3   3
