177 -32 2
177 -31 1
177 -30 1
177 -29 1
177 -28 2
177 -27 2
177 -26 2
177 -25 2
177 -24 2
177 -23 2
177 -22 2
177 -21 2
177 -20 2
177 -19 2
177 -18 2
177 -17 2
177 -16 2
177 -15 2
177 -14 3
177 -13 3
177 -12 3
177 -11 3
177 -10 4
177 -9 4
177 -8 4
177 -7 5
177 -6 5
177 -5 5
177 -4 5
177 -3 5
177 -2 5
177 -1 5
177 0 5
177 1 5
177 2 4
177 3 4
178 -32 2
178 -31 2
178 -30 1
178 -29 1
178 -28 1
178 -27 2
178 -26 2
178 -25 2
178 -24 2
178 -23 2
178 -22 2
178 -21 2
178 -20 2
178 -19 2
178 -18 2
178 -17 2
178 -16 2
178 -15 3
178 -14 3
178 -13 3
178 -12 3
178 -11 4
178 -10 4
178 -9 4
178 -8 5
178 -7 5
178 -6 5
178 -5 5
178 -4 5
178 -3 5
178 -2 5
178 -1 5
178 0 5
178 1 5
178 2 4
178 3 4
179 -32 2
179 -31 1
179 -30 1
179 -29 1
179 -28 1
179 -27 1
179 -26 1
179 -25 2
179 -24 2
179 -23 2
179 -22 2
179 -21 2
179 -20 2
179 -19 2
179 -18 2
179 -17 2
179 -16 2
179 -15 2
179 -14 3
179 -13 3
179 -12 3
179 -11 4
179 -10 4
179 -9 4
179 -8 4
179 -7 5
179 -6 5
179 -5 5
179 -4 5
179 -3 5
179 -2 5
179 -1 5
179 0 5
179 1 4
179 2 4
179 3 4
180 -32 2
180 -31 1
180 -30 1
180 -29 1
180 -28 1
180 -27 1
180 -26 1
180 -25 1
180 -24 2
180 -23 2
180 -22 2
180 -21 2
180 -20 2
180 -19 2
180 -18 2
180 -17 2
180 -16 2
180 -15 3
180 -14 3
180 -13 3
180 -12 3
180 -11 3
180 -10 3
180 -9 4
180 -8 4
180 -7 5
180 -6 5
180 -5 5
180 -4 5
180 -3 5
180 -2 5
180 -1 5
180 0 5
180 1 5
180 2 4
180 3 4
181 -32 2
181 -31 1
181 -30 1
181 -29 1
181 -28 1
181 -27 1
181 -26 1
181 -25 1
181 -24 1
181 -23 2
181 -22 2
181 -21 2
181 -20 2
181 -19 2
181 -18 2
181 -17 3
181 -16 3
181 -15 3
181 -14 3
181 -13 3
181 -12 3
181 -11 3
181 -10 3
181 -9 4
181 -8 4
181 -7 5
181 -6 5
181 -5 5
181 -4 5
181 -3 5
181 -2 5
181 -1 5
181 0 5
181 1 4
181 2 4
181 3 4
182 -32 1
182 -31 1
182 -30 1
182 -29 1
182 -28 1
182 -27 1
182 -26 1
182 -25 1
182 -24 1
182 -23 1
182 -22 1
182 -21 2
182 -20 2
182 -19 2
182 -18 2
182 -17 3
182 -16 3
182 -15 3
182 -14 3
182 -13 3
182 -12 3
182 -11 3
182 -10 3
182 -9 4
182 -8 4
182 -7 5
182 -6 5
182 -5 5
182 -4 5
182 -3 5
182 -2 5
182 -1 5
182 0 5
182 1 5
182 2 4
182 3 4
183 -32 1
183 -31 1
183 -30 1
183 -29 1
183 -28 1
183 -27 1
183 -26 1
183 -25 1
183 -24 1
183 -23 1
183 -22 1
183 -21 1
183 -20 1
183 -19 2
183 -18 2
183 -17 3
183 -16 3
183 -15 3
183 -14 3
183 -13 3
183 -12 3
183 -11 3
183 -10 3
183 -9 4
183 -8 4
183 -7 5
183 -6 5
183 -5 5
183 -4 5
183 -3 5
183 -2 5
183 -1 5
183 0 5
183 1 4
183 2 4
183 3 4
184 -32 1
184 -31 1
184 -30 1
184 -29 1
184 -28 1
184 -27 1
184 -26 1
184 -25 1
184 -24 1
184 -23 1
184 -22 1
184 -21 1
184 -20 1
184 -19 2
184 -18 2
184 -17 3
184 -16 3
184 -15 3
184 -14 3
184 -13 3
184 -12 3
184 -11 3
184 -10 3
184 -9 4
184 -8 4
184 -7 5
184 -6 5
184 -5 5
184 -4 5
184 -3 5
184 -2 5
184 -1 5
184 0 4
184 1 4
184 2 4
184 3 4
185 -32 1
185 -31 1
185 -30 1
185 -29 1
185 -28 1
185 -27 1
185 -26 1
185 -25 1
185 -24 1
185 -23 1
185 -22 1
185 -21 1
185 -20 1
185 -19 2
185 -18 2
185 -17 3
185 -16 3
185 -15 3
185 -14 3
185 -13 3
185 -12 3
185 -11 3
185 -10 3
185 -9 5
185 -8 5
185 -7 5
185 -6 5
185 -5 5
185 -4 5
185 -3 5
185 -2 5
185 -1 5
185 0 4
185 1 4
185 2 4
185 3 4
186 -32 1
186 -31 1
186 -30 1
186 -29 1
186 -28 1
186 -27 0
186 -26 0
186 -25 1
186 -24 1
186 -23 1
186 -22 1
186 -21 1
186 -20 1
186 -19 1
186 -18 1
186 -17 3
186 -16 3
186 -15 3
186 -14 3
186 -13 3
186 -12 3
186 -11 4
186 -10 5
186 -9 5
186 -8 5
186 -7 5
186 -6 5
186 -5 5
186 -4 5
186 -3 5
186 -2 5
186 -1 5
186 0 4
186 1 4
186 2 4
186 3 4
187 -32 1
187 -31 1
187 -30 0
187 -29 0
187 -28 0
187 -27 0
187 -26 0
187 -25 0
187 -24 0
187 -23 1
187 -22 1
187 -21 1
187 -20 1
187 -19 1
187 -18 1
187 -17 1
187 -16 1
187 -15 3
187 -14 3
187 -13 4
187 -12 4
187 -11 4
187 -10 4
187 -9 5
187 -8 5
187 -7 5
187 -6 5
187 -5 5
187 -4 5
187 -3 5
187 -2 5
187 -1 4
187 0 4
187 1 4
187 2 4
187 3 4
188 -32 1
188 -31 1
188 -30 0
188 -29 0
188 -28 0
188 -27 0
188 -26 0
188 -25 0
188 -24 0
188 -23 0
188 -22 0
188 -21 1
188 -20 1
188 -19 1
188 -18 1
188 -17 1
188 -16 1
188 -15 3
188 -14 4
188 -13 4
188 -12 4
188 -11 4
188 -10 5
188 -9 5
188 -8 5
188 -7 5
188 -6 5
188 -5 5
188 -4 5
188 -3 5
188 -2 5
188 -1 5
188 0 4
188 1 4
188 2 4
188 3 4
189 -32 1
189 -31 1
189 -30 0
189 -29 0
189 -28 0
189 -27 0
189 -26 0
189 -25 0
189 -24 0
189 -23 0
189 -22 0
189 -21 1
189 -20 1
189 -19 1
189 -18 1
189 -17 1
189 -16 1
189 -15 4
189 -14 4
189 -13 4
189 -12 4
189 -11 4
189 -10 4
189 -9 5
189 -8 5
189 -7 5
189 -6 5
189 -5 5
189 -4 5
189 -3 5
189 -2 5
189 -1 4
189 0 4
189 1 4
189 2 4
189 3 4
190 -32 2
190 -31 2
190 -30 0
190 -29 0
190 -28 0
190 -27 0
190 -26 0
190 -25 0
190 -24 0
190 -23 0
190 -22 0
190 -21 0
190 -20 0
190 -19 1
190 -18 1
190 -17 2
190 -16 2
190 -15 4
190 -14 4
190 -13 4
190 -12 4
190 -11 4
190 -10 5
190 -9 5
190 -8 5
190 -7 5
190 -6 5
190 -5 5
190 -4 5
190 -3 5
190 -2 5
190 -1 5
190 0 4
190 1 4
190 2 4
190 3 4
191 -32 2
191 -31 2
191 -30 0
191 -29 0
191 -28 0
191 -27 0
191 -26 0
191 -25 0
191 -24 0
191 -23 0
191 -22 0
191 -21 0
191 -20 0
191 -19 1
191 -18 1
191 -17 2
191 -16 2
191 -15 3
191 -14 3
191 -13 4
191 -12 5
191 -11 5
191 -10 5
191 -9 5
191 -8 5
191 -7 5
191 -6 5
191 -5 5
191 -4 5
191 -3 5
191 -2 5
191 -1 4
191 0 4
191 1 4
191 2 4
191 3 4
192 -32 2
192 -31 2
192 -30 2
192 -29 2
192 -28 0
192 -27 0
192 -26 0
192 -25 0
192 -24 0
192 -23 0
192 -22 0
192 -21 0
192 -20 0
192 -19 1
192 -18 1
192 -17 2
192 -16 2
192 -15 3
192 -14 3
192 -13 4
192 -12 4
192 -11 5
192 -10 5
192 -9 5
192 -8 5
192 -7 5
192 -6 5
192 -5 5
192 -4 5
192 -3 5
192 -2 5
192 -1 5
192 0 4
192 1 4
192 2 4
192 3 4
193 -32 2
193 -31 2
193 -30 2
193 -29 2
193 -28 1
193 -27 1
193 -26 0
193 -25 0
193 -24 0
193 -23 0
193 -22 0
193 -21 0
193 -20 0
193 -19 2
193 -18 2
193 -17 2
193 -16 2
193 -15 2
193 -14 2
193 -13 4
193 -12 4
193 -11 5
193 -10 5
193 -9 5
193 -8 5
193 -7 5
193 -6 5
193 -5 5
193 -4 5
193 -3 5
193 -2 5
193 -1 5
193 0 4
193 1 4
193 2 4
193 3 4
194 -32 2
194 -31 2
194 -30 2
194 -29 2
194 -28 1
194 -27 1
194 -26 1
194 -25 1
194 -24 0
194 -23 0
194 -22 0
194 -21 0
194 -20 0
194 -19 2
194 -18 2
194 -17 2
194 -16 2
194 -15 2
194 -14 2
194 -13 5
194 -12 5
194 -11 5
194 -10 5
194 -9 5
194 -8 5
194 -7 5
194 -6 5
194 -5 5
194 -4 5
194 -3 5
194 -2 5
194 -1 5
194 0 4
194 1 5
194 2 5
194 3 4
195 -32 2
195 -31 2
195 -30 2
195 -29 2
195 -28 2
195 -27 2
195 -26 1
195 -25 1
195 -24 1
195 -23 1
195 -22 0
195 -21 0
195 -20 0
195 -19 3
195 -18 2
195 -17 2
195 -16 2
195 -15 3
195 -14 5
195 -13 5
195 -12 5
195 -11 5
195 -10 5
195 -9 5
195 -8 5
195 -7 5
195 -6 5
195 -5 5
195 -4 5
195 -3 5
195 -2 5
195 -1 5
195 0 5
195 1 5
195 2 5
195 3 5
196 -32 2
196 -31 2
196 -30 2
196 -29 2
196 -28 2
196 -27 2
196 -26 2
196 -25 2
196 -24 1
196 -23 1
196 -22 1
196 -21 2
196 -20 3
196 -19 3
196 -18 3
196 -17 3
196 -16 3
196 -15 3
196 -14 3
196 -13 3
196 -12 5
196 -11 5
196 -10 5
196 -9 5
196 -8 5
196 -7 5
196 -6 5
196 -5 5
196 -4 5
196 -3 5
196 -2 5
196 -1 5
196 0 5
196 1 5
196 2 5
196 3 5
197 -32 3
197 -31 3
197 -30 2
197 -29 2
197 -28 2
197 -27 2
197 -26 2
197 -25 2
197 -24 2
197 -23 2
197 -22 2
197 -21 2
197 -20 2
197 -19 3
197 -18 3
197 -17 3
197 -16 3
197 -15 3
197 -14 3
197 -13 3
197 -12 3
197 -11 5
197 -10 5
197 -9 5
197 -8 5
197 -7 5
197 -6 5
197 -5 5
197 -4 5
197 -3 5
197 -2 5
197 -1 5
197 0 5
197 1 5
197 2 5
197 3 5
198 -32 3
198 -31 3
198 -30 2
198 -29 2
198 -28 2
198 -27 2
198 -26 2
198 -25 2
198 -24 2
198 -23 2
198 -22 2
198 -21 2
198 -20 3
198 -19 3
198 -18 3
198 -17 3
198 -16 3
198 -15 3
198 -14 3
198 -13 3
198 -12 5
198 -11 5
198 -10 5
198 -9 5
198 -8 5
198 -7 5
198 -6 5
198 -5 5
198 -4 5
198 -3 5
198 -2 5
198 -1 5
198 0 5
198 1 5
198 2 5
198 3 5
199 -32 3
199 -31 3
199 -30 3
199 -29 3
199 -28 2
199 -27 2
199 -26 2
199 -25 2
199 -24 2
199 -23 2
199 -22 3
199 -21 3
199 -20 3
199 -19 3
199 -18 3
199 -17 3
199 -16 3
199 -15 3
199 -14 3
199 -13 3
199 -12 3
199 -11 5
199 -10 5
199 -9 5
199 -8 5
199 -7 5
199 -6 5
199 -5 5
199 -4 5
199 -3 5
199 -2 5
199 -1 5
199 0 5
199 1 5
199 2 5
199 3 5
200 -32 4
200 -31 4
200 -30 3
200 -29 3
200 -28 4
200 -27 4
200 -26 2
200 -25 2
200 -24 3
200 -23 3
200 -22 3
200 -21 3
200 -20 3
200 -19 3
200 -18 3
200 -17 3
200 -16 3
200 -15 3
200 -14 3
200 -13 3
200 -12 5
200 -11 5
200 -10 5
200 -9 5
200 -8 5
200 -7 5
200 -6 5
200 -5 5
200 -4 5
200 -3 5
200 -2 5
200 -1 5
200 0 5
200 1 5
200 2 5
200 3 5
201 -32 4
201 -31 4
201 -30 4
201 -29 4
201 -28 4
201 -27 4
201 -26 4
201 -25 4
201 -24 3
201 -23 3
201 -22 3
201 -21 3
201 -20 3
201 -19 3
201 -18 3
201 -17 3
201 -16 3
201 -15 3
201 -14 4
201 -13 4
201 -12 4
201 -11 5
201 -10 5
201 -9 5
201 -8 5
201 -7 5
201 -6 5
201 -5 5
201 -4 5
201 -3 5
201 -2 5
201 -1 5
201 0 5
201 1 5
201 2 5
201 3 5
202 -32 4
202 -31 4
202 -30 4
202 -29 4
202 -28 4
202 -27 4
202 -26 4
202 -25 4
202 -24 4
202 -23 4
202 -22 4
202 -21 3
202 -20 3
202 -19 3
202 -18 3
202 -17 3
202 -16 3
202 -15 3
202 -14 3
202 -13 4
202 -12 5
202 -11 5
202 -10 5
202 -9 5
202 -8 5
202 -7 5
202 -6 5
202 -5 5
202 -4 5
202 -3 5
202 -2 5
202 -1 5
202 0 5
202 1 5
202 2 5
202 3 5
203 -32 4
203 -31 4
203 -30 4
203 -29 4
203 -28 4
203 -27 4
203 -26 4
203 -25 4
203 -24 4
203 -23 4
203 -22 4
203 -21 4
203 -20 4
203 -19 3
203 -18 3
203 -17 4
203 -16 4
203 -15 3
203 -14 3
203 -13 4
203 -12 4
203 -11 5
203 -10 5
203 -9 5
203 -8 5
203 -7 5
203 -6 5
203 -5 5
203 -4 5
203 -3 5
203 -2 5
203 -1 5
203 0 5
203 1 5
203 2 5
203 3 5
204 -32 4
204 -31 4
204 -30 4
204 -29 4
204 -28 4
204 -27 4
204 -26 4
204 -25 4
204 -24 4
204 -23 4
204 -22 4
204 -21 4
204 -20 4
204 -19 4
204 -18 4
204 -17 4
204 -16 4
204 -15 4
204 -14 4
204 -13 4
204 -12 4
204 -11 5
204 -10 5
204 -9 5
204 -8 5
204 -7 5
204 -6 5
204 -5 5
204 -4 5
204 -3 5
204 -2 5
204 -1 5
204 0 5
204 1 5
204 2 5
204 3 5
205 -32 4
205 -31 4
205 -30 4
205 -29 4
205 -28 4
205 -27 4
205 -26 4
205 -25 4
205 -24 4
205 -23 4
205 -22 4
205 -21 4
205 -20 4
205 -19 4
205 -18 4
205 -17 4
205 -16 4
205 -15 4
205 -14 4
205 -13 4
205 -12 5
205 -11 5
205 -10 5
205 -9 5
205 -8 5
205 -7 5
205 -6 5
205 -5 5
205 -4 5
205 -3 5
205 -2 5
205 -1 5
205 0 5
205 1 5
205 2 5
205 3 5
206 -32 4
206 -31 4
206 -30 4
206 -29 4
206 -28 4
206 -27 4
206 -26 4
206 -25 4
206 -24 4
206 -23 4
206 -22 4
206 -21 4
206 -20 4
206 -19 4
206 -18 4
206 -17 4
206 -16 4
206 -15 4
206 -14 4
206 -13 4
206 -12 4
206 -11 5
206 -10 5
206 -9 5
206 -8 5
206 -7 5
206 -6 5
206 -5 5
206 -4 5
206 -3 5
206 -2 5
206 -1 5
206 0 5
206 1 5
206 2 5
206 3 5
207 -32 4
207 -31 4
207 -30 4
207 -29 4
207 -28 4
207 -27 4
207 -26 4
207 -25 4
207 -24 4
207 -23 4
207 -22 4
207 -21 4
207 -20 4
207 -19 4
207 -18 4
207 -17 4
207 -16 4
207 -15 4
207 -14 4
207 -13 5
207 -12 5
207 -11 5
207 -10 5
207 -9 5
207 -8 5
207 -7 5
207 -6 5
207 -5 5
207 -4 5
207 -3 5
207 -2 5
207 -1 5
207 0 5
207 1 5
207 2 5
207 3 5
208 -32 4
208 -31 4
208 -30 4
208 -29 4
208 -28 4
208 -27 4
208 -26 5
208 -25 5
208 -24 5
208 -23 4
208 -22 4
208 -21 4
208 -20 4
208 -19 4
208 -18 4
208 -17 4
208 -16 4
208 -15 4
208 -14 5
208 -13 5
208 -12 5
208 -11 5
208 -10 5
208 -9 5
208 -8 5
208 -7 5
208 -6 5
208 -5 5
208 -4 5
208 -3 5
208 -2 5
208 -1 5
208 0 5
208 1 5
208 2 5
208 3 5
209 -32 4
209 -31 4
209 -30 4
209 -29 4
209 -28 5
209 -27 5
209 -26 5
209 -25 5
209 -24 5
209 -23 5
209 -22 5
209 -21 4
209 -20 4
209 -19 4
209 -18 4
209 -17 4
209 -16 4
209 -15 4
209 -14 4
209 -13 5
209 -12 5
209 -11 5
209 -10 5
209 -9 5
209 -8 5
209 -7 5
209 -6 5
209 -5 5
209 -4 5
209 -3 5
209 -2 5
209 -1 5
209 0 5
209 1 5
209 2 5
209 3 5
210 -32 4
210 -31 4
210 -30 5
210 -29 5
210 -28 5
210 -27 5
210 -26 5
210 -25 5
210 -24 5
210 -23 5
210 -22 5
210 -21 5
210 -20 5
210 -19 4
210 -18 4
210 -17 4
210 -16 4
210 -15 4
210 -14 4
210 -13 5
210 -12 5
210 -11 5
210 -10 5
210 -9 5
210 -8 5
210 -7 5
210 -6 5
210 -5 5
210 -4 5
210 -3 5
210 -2 5
210 -1 5
210 0 5
210 1 5
210 2 5
210 3 5
211 -32 4
211 -31 5
211 -30 5
211 -29 5
211 -28 5
211 -27 5
211 -26 5
211 -25 5
211 -24 5
211 -23 5
211 -22 5
211 -21 5
211 -20 5
211 -19 4
211 -18 4
211 -17 4
211 -16 4
211 -15 5
211 -14 5
211 -13 5
211 -12 5
211 -11 5
211 -10 5
211 -9 5
211 -8 5
211 -7 5
211 -6 5
211 -5 5
211 -4 5
211 -3 5
211 -2 5
211 -1 5
211 0 5
211 1 5
211 2 5
211 3 4
212 -32 5
212 -31 5
212 -30 5
212 -29 5
212 -28 5
212 -27 5
212 -26 5
212 -25 5
212 -24 5
212 -23 5
212 -22 5
212 -21 5
212 -20 5
212 -19 4
212 -18 4
212 -17 4
212 -16 4
212 -15 5
212 -14 5
212 -13 5
212 -12 5
212 -11 5
212 -10 5
212 -9 5
212 -8 5
212 -7 5
212 -6 5
212 -5 5
212 -4 5
212 -3 5
212 -2 5
212 -1 5
212 0 5
212 1 5
212 2 5
212 3 4
213 -32 4
213 -31 5
213 -30 5
213 -29 5
213 -28 5
213 -27 5
213 -26 5
213 -25 5
213 -24 5
213 -23 5
213 -22 5
213 -21 5
213 -20 5
213 -19 5
213 -18 5
213 -17 4
213 -16 4
213 -15 5
213 -14 5
213 -13 5
213 -12 5
213 -11 5
213 -10 5
213 -9 5
213 -8 5
213 -7 5
213 -6 5
213 -5 5
213 -4 5
213 -3 5
213 -2 5
213 -1 5
213 0 5
213 1 5
213 2 5
213 3 4
214 -32 4
214 -31 5
214 -30 5
214 -29 5
214 -28 5
214 -27 5
214 -26 5
214 -25 5
214 -24 5
214 -23 5
214 -22 5
214 -21 5
214 -20 5
214 -19 5
214 -18 5
214 -17 5
214 -16 5
214 -15 5
214 -14 5
214 -13 5
214 -12 5
214 -11 5
214 -10 5
214 -9 5
214 -8 5
214 -7 5
214 -6 5
214 -5 5
214 -4 5
214 -3 5
214 -2 5
214 -1 5
214 0 5
214 1 5
214 2 5
214 3 4
215 -32 5
215 -31 5
215 -30 5
215 -29 5
215 -28 5
215 -27 5
215 -26 5
215 -25 5
215 -24 5
215 -23 5
215 -22 5
215 -21 5
215 -20 5
215 -19 5
215 -18 5
215 -17 5
215 -16 5
215 -15 5
215 -14 5
215 -13 5
215 -12 5
215 -11 5
215 -10 5
215 -9 5
215 -8 5
215 -7 5
215 -6 5
215 -5 5
215 -4 5
215 -3 5
215 -2 5
215 -1 5
215 0 5
215 1 5
215 2 5
215 3 4
216 -32 5
216 -31 5
216 -30 5
216 -29 5
216 -28 5
216 -27 5
216 -26 5
216 -25 5
216 -24 5
216 -23 5
216 -22 5
216 -21 5
216 -20 5
216 -19 5
216 -18 5
216 -17 5
216 -16 5
216 -15 5
216 -14 5
216 -13 5
216 -12 5
216 -11 5
216 -10 5
216 -9 4
216 -8 4
216 -7 5
216 -6 5
216 -5 4
216 -4 5
216 -3 5
216 -2 5
216 -1 5
216 0 5
216 1 5
216 2 3
216 3 3
217 -32 4
217 -31 5
217 -30 5
217 -29 5
217 -28 5
217 -27 5
217 -26 5
217 -25 5
217 -24 5
217 -23 5
217 -22 5
217 -21 5
217 -20 5
217 -19 5
217 -18 5
217 -17 5
217 -16 5
217 -15 5
217 -14 5
217 -13 5
217 -12 5
217 -11 4
217 -10 4
217 -9 4
217 -8 4
217 -7 4
217 -6 4
217 -5 4
217 -4 4
217 -3 4
217 -2 5
217 -1 5
217 0 5
217 1 3
217 2 3
217 3 3
218 -32 4
218 -31 4
218 -30 4
218 -29 5
218 -28 5
218 -27 5
218 -26 5
218 -25 5
218 -24 5
218 -23 5
218 -22 5
218 -21 5
218 -20 5
218 -19 5
218 -18 5
218 -17 5
218 -16 5
218 -15 5
218 -14 5
218 -13 5
218 -12 5
218 -11 4
218 -10 4
218 -9 4
218 -8 4
218 -7 4
218 -6 4
218 -5 4
218 -4 4
218 -3 4
218 -2 5
218 -1 5
218 0 4
218 1 4
218 2 3
218 3 2
219 -32 4
219 -31 4
219 -30 4
219 -29 4
219 -28 4
219 -27 4
219 -26 5
219 -25 5
219 -24 5
219 -23 5
219 -22 5
219 -21 5
219 -20 5
219 -19 5
219 -18 5
219 -17 5
219 -16 5
219 -15 5
219 -14 5
219 -13 5
219 -12 5
219 -11 5
219 -10 4
219 -9 4
219 -8 4
219 -7 4
219 -6 4
219 -5 4
219 -4 4
219 -3 4
219 -2 4
219 -1 4
219 0 4
219 1 4
219 2 2
219 3 2
220 -32 4
220 -31 4
220 -30 4
220 -29 4
220 -28 4
220 -27 4
220 -26 4
220 -25 4
220 -24 5
220 -23 5
220 -22 5
220 -21 5
220 -20 5
220 -19 5
220 -18 5
220 -17 5
220 -16 5
220 -15 5
220 -14 5
220 -13 5
220 -12 5
220 -11 4
220 -10 4
220 -9 4
220 -8 4
220 -7 4
220 -6 4
220 -5 4
220 -4 4
220 -3 4
220 -2 4
220 -1 4
220 0 2
220 1 2
220 2 2
220 3 2
221 -32 4
221 -31 4
221 -30 4
221 -29 4
221 -28 4
221 -27 4
221 -26 4
221 -25 4
221 -24 4
221 -23 4
221 -22 5
221 -21 5
221 -20 5
221 -19 5
221 -18 5
221 -17 5
221 -16 5
221 -15 5
221 -14 5
221 -13 4
221 -12 4
221 -11 4
221 -10 4
221 -9 4
221 -8 4
221 -7 4
221 -6 4
221 -5 4
221 -4 4
221 -3 4
221 -2 3
221 -1 3
221 0 2
221 1 2
221 2 2
221 3 2
222 -32 4
222 -31 4
222 -30 4
222 -29 4
222 -28 4
222 -27 4
222 -26 4
222 -25 4
222 -24 4
222 -23 4
222 -22 5
222 -21 5
222 -20 5
222 -19 5
222 -18 5
222 -17 5
222 -16 5
222 -15 5
222 -14 5
222 -13 5
222 -12 4
222 -11 4
222 -10 4
222 -9 4
222 -8 4
222 -7 4
222 -6 4
222 -5 4
222 -4 4
222 -3 3
222 -2 3
222 -1 3
222 0 2
222 1 2
222 2 2
222 3 2
223 -32 4
223 -31 4
223 -30 4
223 -29 4
223 -28 4
223 -27 4
223 -26 4
223 -25 4
223 -24 4
223 -23 4
223 -22 5
223 -21 5
223 -20 5
223 -19 5
223 -18 5
223 -17 5
223 -16 5
223 -15 5
223 -14 5
223 -13 5
223 -12 4
223 -11 4
223 -10 4
223 -9 3
223 -8 3
223 -7 4
223 -6 4
223 -5 4
223 -4 4
223 -3 3
223 -2 3
223 -1 3
223 0 3
223 1 2
223 2 2
223 3 2
224 -32 3
224 -31 3
224 -30 4
224 -29 4
224 -28 4
224 -27 4
224 -26 4
224 -25 4
224 -24 4
224 -23 4
224 -22 4
224 -21 4
224 -20 5
224 -19 5
224 -18 5
224 -17 5
224 -16 5
224 -15 5
224 -14 4
224 -13 4
224 -12 4
224 -11 4
224 -10 3
224 -9 3
224 -8 3
224 -7 3
224 -6 3
224 -5 4
224 -4 4
224 -3 2
224 -2 2
224 -1 3
224 0 2
224 1 2
224 2 2
224 3 2
225 -32 3
225 -31 3
225 -30 3
225 -29 3
225 -28 3
225 -27 4
225 -26 3
225 -25 4
225 -24 4
225 -23 3
225 -22 3
225 -21 4
225 -20 4
225 -19 3
225 -18 5
225 -17 5
225 -16 4
225 -15 4
225 -14 4
225 -13 4
225 -12 4
225 -11 4
225 -10 3
225 -9 3
225 -8 3
225 -7 3
225 -6 3
225 -5 2
225 -4 2
225 -3 2
225 -2 2
225 -1 1
225 0 1
225 1 2
225 2 2
225 3 2
226 -32 3
226 -31 3
226 -30 3
226 -29 3
226 -28 3
226 -27 3
226 -26 3
226 -25 4
226 -24 3
226 -23 3
226 -22 3
226 -21 3
226 -20 3
226 -19 3
226 -18 3
226 -17 4
226 -16 4
226 -15 4
226 -14 4
226 -13 4
226 -12 4
226 -11 4
226 -10 3
226 -9 3
226 -8 3
226 -7 3
226 -6 3
226 -5 2
226 -4 2
226 -3 1
226 -2 1
226 -1 1
226 0 1
226 1 1
226 2 1
226 3 2
227 -32 3
227 -31 3
227 -30 3
227 -29 3
227 -28 3
227 -27 3
227 -26 3
227 -25 3
227 -24 3
227 -23 3
227 -22 3
227 -21 3
227 -20 3
227 -19 3
227 -18 3
227 -17 4
227 -16 4
227 -15 4
227 -14 4
227 -13 4
227 -12 4
227 -11 4
227 -10 3
227 -9 3
227 -8 3
227 -7 3
227 -6 3
227 -5 1
227 -4 1
227 -3 1
227 -2 1
227 -1 1
227 0 1
227 1 1
227 2 1
227 3 1
228 -32 3
228 -31 3
228 -30 3
228 -29 3
228 -28 3
228 -27 3
228 -26 3
228 -25 3
228 -24 3
228 -23 3
228 -22 3
228 -21 3
228 -20 3
228 -19 3
228 -18 3
228 -17 4
228 -16 4
228 -15 4
228 -14 4
228 -13 4
228 -12 4
228 -11 4
228 -10 4
228 -9 3
228 -8 3
228 -7 3
228 -6 2
228 -5 1
228 -4 1
228 -3 1
228 -2 1
228 -1 1
228 0 1
228 1 1
228 2 1
228 3 1
229 -32 3
229 -31 3
229 -30 3
229 -29 3
229 -28 3
229 -27 3
229 -26 3
229 -25 3
229 -24 3
229 -23 3
229 -22 3
229 -21 3
229 -20 3
229 -19 3
229 -18 3
229 -17 4
229 -16 4
229 -15 4
229 -14 4
229 -13 4
229 -12 4
229 -11 4
229 -10 4
229 -9 4
229 -8 4
229 -7 2
229 -6 2
229 -5 2
229 -4 1
229 -3 1
229 -2 1
229 -1 0
229 0 0
229 1 1
229 2 1
229 3 0
230 -32 3
230 -31 3
230 -30 3
230 -29 3
230 -28 3
230 -27 3
230 -26 3
230 -25 3
230 -24 3
230 -23 3
230 -22 3
230 -21 3
230 -20 3
230 -19 4
230 -18 4
230 -17 4
230 -16 4
230 -15 4
230 -14 4
230 -13 4
230 -12 4
230 -11 4
230 -10 4
230 -9 4
230 -8 4
230 -7 4
230 -6 2
230 -5 1
230 -4 1
230 -3 1
230 -2 0
230 -1 0
230 0 0
230 1 0
230 2 0
230 3 0
231 -32 3
231 -31 3
231 -30 3
231 -29 3
231 -28 3
231 -27 3
231 -26 3
231 -25 3
231 -24 3
231 -23 3
231 -22 3
231 -21 3
231 -20 3
231 -19 4
231 -18 4
231 -17 4
231 -16 4
231 -15 4
231 -14 4
231 -13 4
231 -12 4
231 -11 4
231 -10 4
231 -9 4
231 -8 4
231 -7 1
231 -6 1
231 -5 1
231 -4 1
231 -3 0
231 -2 0
231 -1 0
231 0 0
231 1 0
231 2 0
231 3 0
232 -32 3
232 -31 3
232 -30 3
232 -29 3
232 -28 3
232 -27 3
232 -26 3
232 -25 3
232 -24 3
232 -23 3
232 -22 3
232 -21 3
232 -20 3
232 -19 4
232 -18 4
232 -17 4
232 -16 4
232 -15 4
232 -14 4
232 -13 4
232 -12 4
232 -11 4
232 -10 4
232 -9 4
232 -8 3
232 -7 3
232 -6 1
232 -5 0
232 -4 0
232 -3 0
232 -2 0
232 -1 0
232 0 0
232 1 0
232 2 0
232 3 0
233 -32 3
233 -31 3
233 -30 3
233 -29 3
233 -28 3
233 -27 3
233 -26 3
233 -25 3
233 -24 3
233 -23 3
233 -22 3
233 -21 3
233 -20 4
233 -19 4
233 -18 4
233 -17 4
233 -16 4
233 -15 4
233 -14 4
233 -13 4
233 -12 4
233 -11 4
233 -10 4
233 -9 4
233 -8 3
233 -7 3
233 -6 0
233 -5 0
233 -4 0
233 -3 0
233 -2 0
233 -1 0
233 0 0
233 1 0
233 2 0
233 3 0
234 -32 3
234 -31 3
234 -30 3
234 -29 3
234 -28 3
234 -27 3
234 -26 3
234 -25 3
234 -24 3
234 -23 3
234 -22 4
234 -21 4
234 -20 4
234 -19 4
234 -18 4
234 -17 4
234 -16 4
234 -15 4
234 -14 4
234 -13 4
234 -12 4
234 -11 4
234 -10 4
234 -9 4
234 -8 1
234 -7 1
234 -6 0
234 -5 0
234 -4 0
234 -3 0
234 -2 0
234 -1 0
234 0 0
234 1 0
234 2 0
234 3 0
235 -32 3
235 -31 3
235 -30 3
235 -29 3
235 -28 3
235 -27 3
235 -26 3
235 -25 3
235 -24 3
235 -23 3
235 -22 4
235 -21 4
235 -20 4
235 -19 4
235 -18 4
235 -17 4
235 -16 4
235 -15 4
235 -14 4
235 -13 5
235 -12 4
235 -11 4
235 -10 3
235 -9 3
235 -8 1
235 -7 1
235 -6 0
235 -5 0
235 -4 0
235 -3 0
235 -2 0
235 -1 0
235 0 0
235 1 0
235 2 0
235 3 0
236 -32 3
236 -31 3
236 -30 3
236 -29 3
236 -28 3
236 -27 3
236 -26 3
236 -25 3
236 -24 3
236 -23 3
236 -22 4
236 -21 4
236 -20 4
236 -19 4
236 -18 4
236 -17 4
236 -16 4
236 -15 4
236 -14 5
236 -13 5
236 -12 5
236 -11 4
236 -10 3
236 -9 3
236 -8 2
236 -7 0
236 -6 0
236 -5 0
236 -4 0
236 -3 0
236 -2 0
236 -1 0
236 0 0
236 1 0
236 2 0
236 3 0
237 -32 3
237 -31 3
237 -30 3
237 -29 3
237 -28 3
237 -27 3
237 -26 3
237 -25 3
237 -24 3
237 -23 3
237 -22 5
237 -21 5
237 -20 4
237 -19 5
237 -18 5
237 -17 4
237 -16 4
237 -15 5
237 -14 5
237 -13 5
237 -12 4
237 -11 4
237 -10 3
237 -9 2
237 -8 2
237 -7 2
237 -6 1
237 -5 0
237 -4 0
237 -3 0
237 -2 0
237 -1 0
237 0 0
237 1 0
237 2 0
237 3 0
238 -32 3
238 -31 3
238 -30 3
238 -29 3
238 -28 3
238 -27 3
238 -26 3
238 -25 3
238 -24 5
238 -23 5
238 -22 5
238 -21 5
238 -20 5
238 -19 5
238 -18 5
238 -17 5
238 -16 5
238 -15 5
238 -14 5
238 -13 5
238 -12 4
238 -11 4
238 -10 4
238 -9 4
238 -8 2
238 -7 1
238 -6 1
238 -5 1
238 -4 0
238 -3 0
238 -2 0
238 -1 0
238 0 0
238 1 0
238 2 0
238 3 0
239 -32 3
239 -31 3
239 -30 3
239 -29 3
239 -28 3
239 -27 3
239 -26 4
239 -25 4
239 -24 5
239 -23 5
239 -22 5
239 -21 5
239 -20 5
239 -19 5
239 -18 5
239 -17 5
239 -16 5
239 -15 5
239 -14 5
239 -13 5
239 -12 4
239 -11 4
239 -10 4
239 -9 4
239 -8 2
239 -7 2
239 -6 1
239 -5 0
239 -4 0
239 -3 0
239 -2 0
239 -1 0
239 0 0
239 1 0
239 2 0
239 3 0
240 -32 4
240 -31 4
240 -30 4
240 -29 4
240 -28 4
240 -27 4
240 -26 4
240 -25 5
240 -24 5
240 -23 5
240 -22 5
240 -21 5
240 -20 5
240 -19 5
240 -18 5
240 -17 5
240 -16 5
240 -15 5
240 -14 5
240 -13 4
240 -12 4
240 -11 4
240 -10 4
240 -9 4
240 -8 2
240 -7 1
240 -6 1
240 -5 0
240 -4 0
240 -3 0
240 -2 0
240 -1 0
240 0 0
240 1 0
240 2 0
240 3 0
241 -32 4
241 -31 4
241 -30 4
241 -29 4
241 -28 4
241 -27 4
241 -26 4
241 -25 5
241 -24 5
241 -23 5
241 -22 5
241 -21 5
241 -20 5
241 -19 5
241 -18 5
241 -17 5
241 -16 5
241 -15 5
241 -14 4
241 -13 4
241 -12 4
241 -11 4
241 -10 4
241 -9 4
241 -8 1
241 -7 1
241 -6 1
241 -5 1
241 -4 1
241 -3 0
241 -2 0
241 -1 0
241 0 0
241 1 0
241 2 0
241 3 0
242 -32 4
242 -31 4
242 -30 4
242 -29 4
242 -28 4
242 -27 4
242 -26 4
242 -25 5
242 -24 5
242 -23 5
242 -22 5
242 -21 5
242 -20 5
242 -19 5
242 -18 5
242 -17 5
242 -16 5
242 -15 5
242 -14 5
242 -13 4
242 -12 4
242 -11 4
242 -10 3
242 -9 1
242 -8 1
242 -7 1
242 -6 1
242 -5 1
242 -4 1
242 -3 1
242 -2 1
242 -1 0
242 0 0
242 1 0
242 2 0
242 3 0
243 -32 4
243 -31 4
243 -30 4
243 -29 4
243 -28 4
243 -27 4
243 -26 4
243 -25 5
243 -24 5
243 -23 5
243 -22 5
243 -21 5
243 -20 5
243 -19 5
243 -18 5
243 -17 5
243 -16 5
243 -15 5
243 -14 4
243 -13 4
243 -12 4
243 -11 4
243 -10 3
243 -9 3
243 -8 1
243 -7 1
243 -6 1
243 -5 1
243 -4 1
243 -3 1
243 -2 1
243 -1 1
243 0 0
243 1 0
243 2 0
243 3 0
244 -32 4
244 -31 4
244 -30 4
244 -29 4
244 -28 4
244 -27 4
244 -26 4
244 -25 5
244 -24 5
244 -23 5
244 -22 5
244 -21 5
244 -20 5
244 -19 5
244 -18 5
244 -17 5
244 -16 5
244 -15 5
244 -14 4
244 -13 4
244 -12 3
244 -11 3
244 -10 3
244 -9 3
244 -8 3
244 -7 1
244 -6 1
244 -5 1
244 -4 1
244 -3 1
244 -2 1
244 -1 1
244 0 1
244 1 1
244 2 0
244 3 0
245 -32 4
245 -31 4
245 -30 4
245 -29 4
245 -28 4
245 -27 4
245 -26 5
245 -25 5
245 -24 5
245 -23 5
245 -22 5
245 -21 5
245 -20 5
245 -19 5
245 -18 5
245 -17 5
245 -16 5
245 -15 5
245 -14 5
245 -13 5
245 -12 3
245 -11 3
245 -10 3
245 -9 3
245 -8 3
245 -7 1
245 -6 1
245 -5 1
245 -4 1
245 -3 1
245 -2 1
245 -1 1
245 0 1
245 1 1
245 2 1
245 3 1
246 -32 4
246 -31 4
246 -30 4
246 -29 4
246 -28 4
246 -27 4
246 -26 5
246 -25 5
246 -24 5
246 -23 5
246 -22 5
246 -21 5
246 -20 5
246 -19 5
246 -18 5
246 -17 5
246 -16 5
246 -15 5
246 -14 5
246 -13 5
246 -12 4
246 -11 3
246 -10 3
246 -9 3
246 -8 3
246 -7 1
246 -6 1
246 -5 1
246 -4 1
246 -3 1
246 -2 1
246 -1 1
246 0 1
246 1 1
246 2 1
246 3 1
247 -32 4
247 -31 4
247 -30 4
247 -29 4
247 -28 4
247 -27 4
247 -26 5
247 -25 5
247 -24 5
247 -23 5
247 -22 5
247 -21 5
247 -20 5
247 -19 5
247 -18 5
247 -17 5
247 -16 5
247 -15 5
247 -14 5
247 -13 4
247 -12 4
247 -11 4
247 -10 4
247 -9 3
247 -8 3
247 -7 3
247 -6 3
247 -5 1
247 -4 1
247 -3 1
247 -2 1
247 -1 1
247 0 1
247 1 1
247 2 1
247 3 1
248 -32 4
248 -31 4
248 -30 4
248 -29 4
248 -28 4
248 -27 4
248 -26 5
248 -25 5
248 -24 5
248 -23 5
248 -22 5
248 -21 5
248 -20 5
248 -19 5
248 -18 5
248 -17 5
248 -16 5
248 -15 5
248 -14 5
248 -13 5
248 -12 5
248 -11 4
248 -10 4
248 -9 5
248 -8 5
248 -7 3
248 -6 3
248 -5 2
248 -4 1
248 -3 1
248 -2 1
248 -1 1
248 0 1
248 1 1
248 2 1
248 3 1
249 -32 3
249 -31 4
249 -30 4
249 -29 4
249 -28 4
249 -27 4
249 -26 5
249 -25 5
249 -24 5
249 -23 5
249 -22 5
249 -21 5
249 -20 5
249 -19 5
249 -18 5
249 -17 5
249 -16 5
249 -15 5
249 -14 5
249 -13 5
249 -12 5
249 -11 5
249 -10 4
249 -9 5
249 -8 5
249 -7 5
249 -6 2
249 -5 2
249 -4 2
249 -3 3
249 -2 1
249 -1 1
249 0 1
249 1 1
249 2 1
249 3 1
250 -32 3
250 -31 3
250 -30 4
250 -29 4
250 -28 4
250 -27 5
250 -26 5
250 -25 5
250 -24 5
250 -23 5
250 -22 5
250 -21 5
250 -20 5
250 -19 5
250 -18 5
250 -17 5
250 -16 5
250 -15 5
250 -14 5
250 -13 5
250 -12 5
250 -11 5
250 -10 5
250 -9 5
250 -8 5
250 -7 5
250 -6 5
250 -5 5
250 -4 3
250 -3 3
250 -2 3
250 -1 3
250 0 1
250 1 1
250 2 1
250 3 1
