176 4 4
177 4 4
178 4 4
179 4 4
180 4 4
181 4 4
182 4 4
183 4 4
184 4 4
185 4 4
186 4 4
187 4 4
188 4 4
189 4 4
190 4 4
191 4 4
192 4 4
193 4 4
194 4 4
195 4 5
196 4 5
197 4 5
198 4 5
199 4 5
200 4 5
201 4 5
202 4 5
203 4 5
204 4 5
205 4 5
206 4 5
207 4 5
208 4 5
209 4 5
210 4 5
211 4 4
212 4 4
213 4 4
214 4 4
215 4 3
216 4 3
217 4 2
218 4 2
219 4 2
220 4 2
221 4 2
222 4 2
223 4 2
224 4 2
225 4 2
226 4 2
227 4 2
228 4 1
229 4 1
230 4 0
231 4 0
232 4 0
233 4 0
234 4 0
235 4 0
236 4 0
237 4 0
238 4 0
239 4 0
240 4 0
241 4 0
242 4 0
243 4 0
244 4 0
245 4 0
246 4 1
247 4 1
248 4 1
249 4 1
250 4 1
251 4 1
