176 -33 2
177 -33 2
178 -33 2
179 -33 2
180 -33 2
181 -33 2
182 -33 1
183 -33 1
184 -33 1
185 -33 1
186 -33 1
187 -33 1
188 -33 1
189 -33 1
190 -33 1
191 -33 2
192 -33 2
193 -33 2
194 -33 3
195 -33 3
196 -33 3
197 -33 3
198 -33 4
199 -33 4
200 -33 4
201 -33 4
202 -33 4
203 -33 4
204 -33 4
205 -33 4
206 -33 4
207 -33 4
208 -33 4
209 -33 4
210 -33 4
211 -33 4
212 -33 4
213 -33 4
214 -33 4
215 -33 5
216 -33 5
217 -33 3
218 -33 4
219 -33 4
220 -33 4
221 -33 3
222 -33 3
223 -33 3
224 -33 3
225 -33 3
226 -33 3
227 -33 3
228 -33 3
229 -33 3
230 -33 3
231 -33 3
232 -33 3
233 -33 3
234 -33 3
235 -33 3
236 -33 3
237 -33 3
238 -33 3
239 -33 3
240 -33 4
241 -33 4
242 -33 4
243 -33 4
244 -33 4
245 -33 4
246 -33 4
247 -33 3
248 -33 3
249 -33 3
250 -33 2
251 -33 3
