1985-03-03T22:47:07.880    -33.078     -71.722     36.20     7.5     2992795
1985-04-13T03:00:04.770      1.649     126.505     35.70     7.0     3000753
1985-04-23T16:15:11.020     15.322     120.626    180.70     7.0     3010903
1985-05-10T15:35:50.650     -5.587     151.071     27.00     7.2     2998993
1985-07-03T04:36:53.270     -4.444     152.815     45.80     7.3     2991587
1985-07-29T07:54:44.520     36.208      70.901    101.90     7.3     3014564
1985-09-21T01:37:15.110     17.811    -101.686     42.10     7.6     3006974
1985-11-17T09:40:22.110     -1.832     134.840     10.00     7.1     3002990
1985-11-28T03:49:55.460    -13.978     166.187     43.10     7.0     3014642
1985-12-21T01:13:23.310    -13.983     166.512     51.50     7.1     3008307
1986-01-15T20:17:44.310    -21.301     170.131    169.20     7.1     3032227
1986-04-30T07:07:19.570     18.369    -103.010     37.80     7.0     3044252
1986-06-16T10:48:27.270    -21.932    -178.960    557.10     7.1     3032828
1986-08-14T19:39:13.450      1.818     126.536     34.60     7.4     3029337
1986-08-30T21:28:35.970     45.537      26.314    137.00     7.1     3042376
1986-10-20T06:46:09.940    -28.133    -176.397     29.00     7.5     3038390
1986-10-30T01:28:54.660    -21.655    -176.638    189.30     7.2     3046740
1986-11-14T21:20:05.550     23.955     121.765     38.00     7.3     3031127
1987-01-30T22:29:43.010    -60.053     -26.885     53.10     7.0     3072166
1987-02-08T18:33:59.140     -6.068     147.653     62.00     7.3     3055114
1987-03-05T09:17:05.610    -24.387     -70.264     63.00     7.6     3058599
1987-03-06T04:10:42.300      0.123     -77.805     10.00     7.0     3059413
1987-06-17T01:32:53.600     -5.563     130.834     66.50     7.1     3061889
1987-08-08T15:48:53.710    -19.036     -70.006     42.30     7.2     3055100
1987-10-06T04:19:05.960    -17.929    -172.241     16.00     7.3     3052812
1987-10-16T20:47:59.490     -6.208     149.056     31.70     7.1     3062027
1987-11-17T08:46:50.350     58.818    -143.246     10.00     7.2     3061679
1987-11-30T19:23:15.600     58.804    -142.599     10.00     7.8     3075026
1988-01-19T07:30:31.800    -24.728     -70.542     33.00     7.0     3094009
1988-02-05T14:01:02.650    -24.765     -70.455     35.80     7.1     3080274
1988-02-24T03:52:02.150     13.450     124.629     18.00     7.2     3097714
1988-03-06T22:35:36.150     57.274    -142.793     10.00     7.3     3081373
1988-07-25T06:46:02.420     -6.069     133.664      0.00     7.0     3099723
1988-08-10T04:38:27.420    -10.323     160.858     40.40     7.2     3098649
1988-11-06T13:03:19.870     22.799      99.594     18.00     7.7     3081741
1989-02-10T11:15:23.330      2.295     126.783     37.50     7.1     3117737
1989-05-05T18:28:40.460     -8.280     -71.393    605.90     7.0     3114423
1989-09-04T13:14:58.600     55.577    -156.858     11.00     7.0     3112255
1989-11-01T18:25:35.190     39.854     142.820     29.00     7.3     3109918
1989-12-07T13:38:45.110     -6.436     146.400    105.60     7.1     3116721
1990-03-03T12:16:27.410    -22.071     175.164     33.00     7.4     2810402
1990-03-05T16:38:12.480    -18.305     168.089     21.00     7.1     2810502
1990-04-05T21:12:35.520     15.142     147.593     11.40     7.2     2811892
1990-04-18T13:39:20.030      1.219     122.916     33.20     7.4     2812530
1990-05-12T04:50:08.650     49.050     141.880    602.50     7.2     2813745
1990-05-20T02:22:01.180      5.071      32.159     14.90     7.2     2814094
1990-06-14T07:40:55.660     11.667     122.003     18.10     7.0     2815141
1990-06-20T21:00:10.860     36.989      49.346     18.50     7.3     2815422
1990-07-27T12:38:01.750    -15.396     167.425    145.50     7.2     2817449
1990-08-12T21:25:24.790    -19.480     169.122    163.80     7.0     2818215
1990-10-17T14:30:15.170    -11.009     -70.767    625.90     7.0     2820977
1990-11-06T20:14:29.960     53.450     169.829     24.80     7.1     2821781
1990-12-30T19:14:20.200     -5.103     150.980    191.00     7.5     2824394
1991-02-18T02:37:28.450      8.909     126.506     49.90     7.0     2826646
1991-04-22T21:56:51.400      9.696     -83.075      4.00     7.3     2829490
1991-05-19T00:58:01.450      1.154     122.976     30.70     7.0     2830732
1991-06-20T05:18:55.080      1.192     122.822     55.60     7.4     2832224
1991-06-23T21:22:29.140    -26.752     -63.304    558.40     7.1     2832369
1991-07-06T12:19:49.940    -13.192     -72.223    112.30     7.0      224594
1991-10-14T15:58:14.450     -9.111     158.470     34.60     7.2     2833291
1991-11-19T22:28:50.570      4.598     -77.414     14.90     7.1     2834972
1991-12-22T08:43:13.430     45.478     151.023     24.70     7.5     2836516
1991-12-27T04:05:58.210    -55.962     -25.189     10.00     7.1     2836788
1992-04-25T18:06:04.830     40.364    -124.050     15.10     7.1      255242
1992-05-15T07:05:05.690     -6.087     147.572     60.90     7.2      247622
1992-05-17T09:49:18.700      7.301     126.750     32.80     7.1      249224
1992-05-17T10:15:33.080      7.207     126.796     50.70     7.3      249236
1992-05-27T05:13:39.320    -11.113     165.219     23.10     7.0      257540
1992-06-28T11:57:35.900     34.248    -116.478      1.10     7.2      258085
1992-07-11T10:44:20.590    -22.505    -178.393    381.60     7.2      246084
1992-08-19T02:04:37.390     42.123      73.596     27.40     7.3      274840
1992-10-11T19:24:27.330    -19.262     168.912    137.50     7.1      269278
1992-10-18T15:11:59.670      7.145     -76.841     10.00     7.2      275165
1992-12-12T05:29:26.320     -8.475     121.902     27.70     7.4      269340
1992-12-20T20:52:45.750     -6.568     130.427     65.90     7.1      275999
1993-01-15T11:06:06.870     42.953     144.200    103.90     7.5      299091
1993-03-06T03:05:49.870    -10.938     164.189     20.40     7.1      289606
1993-05-11T18:26:50.740      7.233     126.648     56.70     7.0      294123
1993-05-24T23:51:26.430    -22.888     -66.522    215.30     7.0      305249
1993-06-08T13:03:36.950     51.182     157.816     75.20     7.1      318210
1993-07-12T13:17:10.810     42.886     139.235      7.60     7.3      319620
1993-08-08T08:34:25.480     12.931     144.816     66.50     7.5      319428
1993-08-09T12:42:47.880     36.355      70.874    211.70     7.0      320769
1993-08-10T00:51:51.360    -45.064     166.911      8.40     7.0      321301
1993-09-10T19:12:55.110     14.738     -92.688     35.70     7.2      319329
1993-11-13T01:18:04.240     51.908     158.661     34.00     7.0      350281
1994-01-21T02:24:29.960      1.034     127.782     19.60     7.0      354805
1994-02-12T17:58:24.420    -20.564     169.336     27.70     7.0      348447
1994-03-09T23:28:04.840    -17.947    -178.428    533.90     7.5      345573
1994-03-14T04:30:16.950     -1.109     -23.538     10.00     7.0      349323
1994-06-02T18:17:37.010    -10.413     112.926     38.90     7.8      362624
1994-06-08T06:48:44.900     24.470     121.750      8.00     7.9      368764
1994-07-13T02:35:56.150    -16.637     167.481     31.40     7.1      369366
1994-07-21T18:36:30.820     42.367     132.913    458.80     7.3      375129
1994-09-01T15:15:53.510     40.436    -125.691     10.00     7.1      383820
1994-10-09T07:55:34.600     43.891     147.951      0.00     7.1      398377
1994-11-14T19:15:30.530     13.546     121.135     31.50     7.0      397966
1994-12-28T12:19:19.280     40.482     143.490      1.40     7.7      407943
1995-02-05T22:51:05.790    -37.657     178.891     21.00     7.0      417797
1995-04-07T22:06:59.730    -15.336    -173.522     47.00     7.4      421082
1995-04-21T00:34:46.460     12.072     125.581     20.70     7.1      431449
1995-05-05T03:53:43.590     12.628     125.281      5.30     7.0      418550
1995-05-16T20:12:45.660    -22.980     169.893     30.40     7.3      431106
1995-05-27T13:03:52.260     52.604     142.851      7.70     7.1      440454
1995-07-03T19:50:50.670    -29.349    -177.553     38.40     7.2      443451
1995-08-16T10:27:30.500     -5.821     154.167     46.60     7.6      453289
1995-08-16T23:10:29.250     -5.789     154.299     77.90     7.2      453928
1995-08-23T07:06:04.120     18.809     145.227    613.90     7.1      460019
1995-09-14T14:04:34.820     16.882     -98.595     44.40     7.4      450953
1995-10-09T15:35:55.280     19.116    -104.202     42.30     7.9      454963
1995-10-21T02:38:57.740     16.833     -93.532    166.20     7.1      470160
1995-11-22T04:15:11.860     28.809      34.795      9.00     7.1      460922
1995-12-03T18:01:10.150     44.530     149.308     46.10     7.6      474548
1995-12-25T04:43:23.160     -6.921     129.203    133.00     7.0      504634
1996-01-01T08:05:09.560      0.684     119.985     15.40     7.8      468954
1996-02-07T21:36:45.600     45.258     149.890     36.60     7.1     8539719
1996-02-21T12:51:01.730     -9.691     -79.767     10.00     7.4     2837197
1996-02-25T03:08:13.790     15.963     -98.091      7.10     7.1      500822
1996-04-16T00:30:54.060    -24.248    -177.000    111.20     7.2      487650
1996-04-29T14:40:42.520     -6.543     155.035     57.20     7.2     8539724
1996-06-10T04:03:35.710     51.549    -177.607     34.10     7.6      515023
1996-06-10T15:24:57.180     51.401    -176.846     33.00     7.2     9449660
1996-06-11T18:22:53.430     12.650     125.202     16.40     7.0      518625
1996-06-17T11:22:18.180     -7.111     122.608    589.50     7.7      524526
1996-07-22T14:19:35.700      1.017     120.477     33.90     7.0      525669
1996-08-05T22:38:20.570    -20.720    -178.291    531.20     7.3      509726
1996-11-12T16:59:43.960    -15.055     -75.658     33.00     7.5      550390
1997-01-11T20:28:28.030     18.173    -102.834     49.30     7.2      547376
1997-01-23T02:15:19.790    -22.050     -65.692    247.30     7.0      557571
1997-02-27T21:08:02.710     29.961      68.202     33.60     7.0      562095
1997-04-21T12:02:30.370    -12.600     166.643     65.70     7.7      587003
1997-05-10T07:57:29.580     33.878      59.823      6.70     7.3      575379
1997-05-25T23:22:32.820    -32.115     179.819    322.90     7.1      591939
1997-10-14T09:53:11.070    -22.145    -176.720    105.40     7.8      609301
1997-10-15T01:03:33.030    -30.891     -71.139     54.10     7.1      610157
1997-10-28T06:15:19.220     -4.351     -76.675    127.50     7.1      622715
1997-11-08T10:02:53.380     35.116      87.374     38.10     7.4      604171
1997-11-15T18:59:25.020    -15.127     167.344    129.30     7.0     8539823
1997-11-25T12:14:36.120      1.209     122.562     46.30     7.0      622405
1997-12-05T11:26:53.810     54.804     162.007     25.20     7.7      601690
1997-12-22T02:05:51.640     -5.559     147.838    190.00     7.0      623174
1998-01-04T06:11:56.450    -22.231     170.909     75.60     7.3      629551
1998-01-30T12:16:09.300    -23.838     -70.161     44.20     7.0      655954
1998-03-25T03:12:25.470    -62.826     149.671     10.00     7.8      649832
1998-03-29T19:48:12.970    -17.659    -178.990    499.60     7.1      654643
1998-05-03T23:30:24.070     22.302     125.318     50.50     7.5      629205
1998-07-16T11:56:36.100    -11.089     166.173    109.50     7.0      674564
1998-07-17T08:49:23.400     -3.200     141.669     34.30     7.0      675761
1998-08-04T18:59:22.340     -0.554     -80.315     46.60     7.0     8539847
1998-08-20T06:40:56.240     28.933     139.357    442.80     7.1      679360
1998-11-09T05:38:43.960     -6.956     128.961     32.90     7.0      700069
1998-11-29T14:10:26.870     -1.981     124.882      0.20     7.7      722183
1999-01-19T03:35:40.390     -4.721     153.270    180.80     7.0      718265
1999-02-06T21:48:01.800    -12.891     166.681    111.40     7.3      701768
1999-03-04T08:51:59.380      5.394     121.923     15.00     7.1      697944
1999-04-05T11:08:04.180     -5.632     149.625    152.40     7.4      739891
1999-04-08T13:10:34.130     43.609     130.413    564.10     7.1      750667
1999-05-10T20:33:03.600     -5.181     150.895    150.30     7.1      757160
1999-05-16T00:51:20.940     -4.730     152.501     77.00     7.1      770261
1999-06-15T20:42:05.410     18.369     -97.444     63.90     7.0      770585
1999-08-17T00:01:38.590     40.756      29.955     17.00     7.6      768097
1999-09-20T17:47:16.340     23.850     120.870     13.20     7.7      838326
1999-09-30T16:31:15.760     16.068     -96.931     60.10     7.5      869099
1999-10-16T09:46:45.000     34.578    -116.442      0.00     7.2      843259
1999-11-12T16:57:19.820     40.806      31.187     10.40     7.2      829758
1999-11-15T05:42:43.110     -1.374      88.969     10.00     7.0      837721
1999-11-19T13:56:47.770     -6.322     148.700     44.60     7.0      847598
1999-11-26T13:21:15.970    -16.324     168.135     35.20     7.5      861964
1999-12-06T23:12:28.650     57.395    -154.574     19.50     7.0      799403
1999-12-11T18:03:40.530     15.758     119.797     69.60     7.3      818363
2000-01-08T16:47:14.620    -16.855    -174.203    130.70     7.2      892864
2000-02-25T01:44:03.020    -19.578     173.824     64.20     7.1      951120
2000-03-21T08:18:00.000    -18.000    -179.000      0.00     7.1      931861
2000-03-25T16:15:02.000     44.000     150.000      0.00     7.0      955358
2000-03-28T11:00:20.440     22.264     143.718    110.10     7.6      972469
2000-04-19T23:55:16.800     36.520      27.348     33.00     7.0      925595
2000-04-23T09:27:23.030    -28.289     -62.944    603.60     7.0      945196
2000-05-04T04:21:18.720     -1.171     123.540     54.00     7.6      881219
2000-05-12T18:43:15.160    -23.779     -66.740    193.50     7.2      910753
2000-06-04T16:28:28.760     -4.692     102.141     52.70     7.9      881530
2000-06-18T14:44:13.160    -13.798      97.424     10.00     7.9      960330
2000-08-06T07:27:14.910     28.795     139.598    416.90     7.4      974988
2000-10-04T16:58:46.870    -15.391     166.909     42.20     7.0      948277
2000-10-29T08:37:11.190     -5.094     153.882     84.80     7.0     1187616
2000-11-16T07:42:17.250     -5.220     153.073     34.20     7.8     1039857
2000-11-17T21:01:56.230     -5.517     151.801     31.30     7.8     1064984
2000-12-06T17:11:06.610     39.493      54.811     33.00     7.0      959669
2001-01-01T06:57:04.040      6.876     126.659     33.00     7.5      924597
2001-01-09T16:49:29.000    -14.967     167.193    112.50     7.0      974157
2001-01-10T16:02:43.580     56.986    -153.462     33.00     7.0      979719
2001-01-13T17:33:34.580     12.997     -88.729     82.90     7.7     1002694
2001-01-26T03:16:40.260     23.442      70.310     16.00     7.7     1126015
2001-02-13T19:28:30.480     -4.754     102.478     33.90     7.4     1021272
2001-02-24T07:23:50.490      1.334     126.335     55.60     7.1     1117020
2001-06-03T02:41:58.440    -29.681    -178.615    188.20     7.1     1030488
2001-07-07T09:38:43.700    -17.568     -72.007     33.00     7.6     1062334
2001-08-21T06:52:06.930    -36.801    -179.723     33.50     7.1     1169374
2001-10-12T15:02:19.600     12.716     144.975     61.80     7.0     1195927
2001-10-19T03:28:43.980     -4.089     123.977     33.00     7.5     1226657
2001-10-31T09:10:20.470     -5.962     150.220      0.00     7.0     1261930
2001-11-14T09:26:10.410     35.927      90.587     11.00     7.8     1201800
2001-12-12T14:02:35.400    -42.785     124.682     10.00     7.1     1200591
2002-01-02T17:22:50.800    -15.600     170.400     10.00     7.0     1240717
2002-01-02T17:22:53.150    -17.668     167.853     53.70     7.2     1240742
2002-03-03T12:08:18.000     36.496      70.517    208.90     7.3     1245224
2002-03-05T21:16:09.660      6.032     124.273     33.00     7.5     1253514
2002-03-20T03:59:52.600     34.276    -176.450     15.00     7.0     1281853
2002-03-31T06:52:50.680     24.270     122.184     33.00     7.1     1314687
2002-04-26T16:06:05.120     13.032     144.688     69.10     7.0     1367423
2002-06-28T17:19:30.610     43.763     130.665    568.00     7.3     1362494
2002-08-19T11:01:02.330    -21.700    -179.464    587.70     7.6     1388755
2002-08-19T11:08:22.360    -23.868     178.454    649.90     7.7     1388787
2002-09-08T18:44:23.830     -3.297     142.915     13.00     7.6     1362984
2002-10-10T10:50:22.230     -1.751     134.258     24.80     7.5     1424488
2002-11-02T01:26:11.830      2.979      96.115     31.00     7.2     1395373
2002-11-03T22:12:41.130     63.629    -147.611     10.80     7.9     1403125
2002-11-17T04:53:55.040     47.771     145.994    483.90     7.3     1441973
2003-01-20T08:43:07.700    -10.530     160.806     43.40     7.2     1493670
2003-01-22T02:06:35.950     18.896    -104.082     27.40     7.5     1498400
2003-03-17T16:36:17.260     51.239     177.915     32.40     7.0     1490566
2003-05-26T09:24:33.920     38.869     141.525     71.20     7.0     1575824
2003-06-20T06:19:40.110     -7.625     -71.713    572.00     7.0     1576919
2003-07-15T20:27:50.720     -2.640      68.356     10.00     7.5     1595650
2003-08-04T04:37:20.920    -60.532     -43.451     10.00     7.6     1555834
2003-08-21T12:12:47.320    -45.087     167.089      6.80     7.2     1628007
2003-09-25T21:07:59.800     41.684     143.598     31.80     7.3     1635243
2003-09-27T11:33:25.130     50.009      87.779     16.00     7.3     1645208
2003-10-31T01:06:30.620     37.854     142.614     23.00     7.0     1693959
2003-11-17T06:43:05.980     51.103     178.642     27.10     7.8     1664853
2003-12-27T16:01:00.240    -21.891     169.733     10.00     7.3     1693838
2004-01-03T16:23:17.600    -22.304     169.660      9.40     7.1     1703903
2004-02-05T21:05:02.950     -3.646     135.522     28.30     7.0     1706156
2004-02-07T02:42:34.180     -4.030     135.088     15.00     7.3     1708371
2004-07-15T04:27:13.330    -17.704    -178.767    560.00     7.1     1833055
2004-07-25T14:35:17.760     -2.493     103.975    581.90     7.3     1894431
2004-09-05T10:07:07.180     33.071     136.735     18.70     7.2     1775657
2004-09-05T14:57:17.430     33.206     137.073     10.00     7.4     1777461
2004-11-11T21:26:42.350     -8.149     124.744     23.10     7.5     1822213
2004-11-15T09:06:55.390      4.742     -77.470     15.00     7.2     1843706
2004-11-22T20:26:23.130    -46.496     164.827      7.60     7.1     1888053
2004-11-26T02:25:00.440     -3.654     135.410      5.10     7.1     1908429
2004-11-28T18:32:12.760     42.902     145.209     42.80     7.0     1924180
2004-12-26T04:21:26.880      6.846      92.932     31.70     7.2     1918395
2005-02-05T12:23:18.850      5.290     123.436    540.40     7.1     1952015
2005-03-02T10:42:09.350     -6.566     129.880    197.60     7.1     1939374
2005-06-13T22:44:32.420    -19.917     -69.216    111.90     7.8     1990596
2005-06-15T02:50:55.770     41.447    -125.585     18.00     7.2     1996086
2005-07-24T15:42:05.000      7.907      92.146     17.50     7.2     2154037
2005-08-16T02:46:26.930     38.201     142.114     37.80     7.2     2125096
2005-09-09T07:26:42.740     -4.561     153.479     93.80     7.7     2077037
2005-09-26T01:55:37.710     -5.736     -76.475    129.10     7.5     2161574
2005-10-08T03:50:35.990     34.524      73.640      7.90     7.6     2072443
2005-11-14T21:38:50.550     38.047     144.879     14.20     7.0     2114228
2006-01-02T06:10:48.740    -61.011     -21.649     10.00     7.4     2186233
2006-01-02T22:13:40.940    -19.974    -178.110    584.10     7.2     2188466
2006-01-27T16:58:54.410     -5.448     128.194    403.60     7.6     2279866
2006-02-15T10:10:00.230     11.571     122.727     96.00     7.4     2232383
2006-02-15T18:29:15.460      9.624     121.950      2.00     7.9     2233534
2006-02-22T22:19:09.320    -21.311      33.549     16.40     7.0     2263953
2006-02-26T22:31:33.370      8.472     123.086     31.00     7.8     2292213
2006-03-03T14:41:57.210     13.640     120.148     36.00     7.0     2192624
2006-04-20T23:25:02.960     61.040     167.097     26.60     7.6     2261895
2006-05-16T10:39:23.760    -31.844    -179.155    156.00     7.4     2241389
2006-07-17T08:19:26.300     -9.318     107.424     20.00     7.7     2348791
2006-08-20T03:41:45.920    -61.016     -34.285      0.50     7.0     2360921
2006-12-26T12:26:21.230     21.864     120.545      6.60     7.0     2381388
2007-01-21T11:27:44.980      1.082     126.362     23.50     7.5     2479108
2007-03-25T00:40:03.060    -20.567     169.346     36.20     7.1     2482145
2007-05-21T16:55:20.000     13.660     122.440      0.00     7.5     2488360
2007-08-01T17:08:55.030    -15.675     167.699    149.50     7.2     2482948
2007-08-08T17:04:58.000     -6.089     107.584    293.80     7.5     2539213
2007-08-08T17:05:06.670     -5.891     107.451    295.80     7.4     2539242
2007-09-02T01:05:19.040    -11.589     165.821     37.50     7.2     2485365
2007-09-12T23:49:04.360     -2.616     100.726     36.00     7.9     2564553
2007-09-13T03:35:28.570     -2.157      99.573     20.00     7.1     2565764
2007-09-28T13:38:57.640     22.010     142.705    253.50     7.5     2633491
2007-09-30T02:08:31.240     10.536     145.799     18.50     7.0     2638663
2007-09-30T05:23:34.650    -49.247     164.194     10.00     7.4     2639057
2007-10-31T03:30:18.120     18.958     145.380    221.90     7.2     2634483
2007-11-14T15:40:49.790    -22.321     -69.780     33.60     7.7     2568452
2007-11-29T19:00:19.960     14.995     -61.224    147.30     7.4     2631020
2007-12-09T07:28:20.800    -26.096    -177.364    149.80     7.8     2536104
2007-12-19T09:30:28.490     51.398    -179.537     36.20     7.2     2587660
2008-02-20T08:08:31.440      2.763      95.964     31.40     7.3     2720471
2008-02-25T08:36:33.910     -2.489      99.920     29.80     7.2     2748503
2008-03-20T22:32:58.070     35.549      81.506     10.00     7.1     2732151
2008-04-09T12:46:12.930    -20.038     168.907     31.40     7.3     2682145
2008-04-12T00:30:12.470    -55.591     158.542     10.00     7.1     2694742
2008-05-12T06:27:59.980     31.064     103.372      7.60     7.9     2695921
2008-06-30T06:17:43.820    -58.284     -21.979     10.00     7.0     2797378
2008-07-05T02:12:06.070     53.946     152.863    646.10     7.7     2735515
2008-09-29T15:19:30.840    -30.097    -177.634     35.00     7.0     2856145
2008-11-16T17:02:32.810      1.352     122.163     28.10     7.3     2860364
2008-11-24T09:03:00.020     54.220     154.293    505.30     7.3     2860926
2009-01-03T19:43:55.840     -0.527     132.602     31.10     7.4     2863881
2009-01-03T22:33:42.660     -0.709     133.312     34.40     7.2     2863926
2009-01-15T17:49:38.440     46.833     155.246     31.10     7.3     2864492
2009-02-11T17:34:51.380      3.775     126.499     24.20     7.1     2865593
2009-03-19T18:17:40.740    -23.155    -174.590     30.90     7.6     2867250
2009-05-28T08:24:48.360     16.808     -86.243     29.00     7.3     2869886
2009-07-15T09:22:31.960    -45.834     166.636     20.90     7.8     2871698
2009-08-09T10:55:56.280     33.147     138.059    302.20     7.1     2872654
2009-08-10T19:55:39.830     14.052      92.868     30.70     7.5     2872699
2009-09-02T07:55:01.830     -7.735     107.411     57.80     7.0     2837840
2009-09-30T10:16:10.520     -0.707      99.968     90.20     7.6     2838868
2009-10-07T22:03:14.390    -13.036     166.502     33.70     7.6     2839294
2009-10-07T22:18:53.920    -12.474     166.369     59.00     7.8     3834372
2009-10-07T23:13:49.010    -13.084     166.463     32.90     7.4     2839308
2009-11-09T10:44:54.780    -17.267     178.453    591.30     7.3     2840820
2010-01-03T22:36:29.570     -8.879     157.417     29.80     7.1     2842720
2010-01-12T21:53:10.410     18.382     -72.588     15.00     7.0     2843110
2010-02-26T20:31:26.860     25.984     128.508     24.20     7.0     2844965
2010-02-27T08:01:23.480    -37.840     -75.210     35.00     7.4     2845026
2010-03-11T14:55:29.170    -34.294     -71.802     24.40     7.0     2846507
2010-04-04T22:40:43.650     32.276    -115.263      5.20     7.2     2847824
2010-04-06T22:15:02.130      2.360      97.111     33.40     7.8     2848283
2010-05-09T05:59:42.340      3.733      96.028     42.30     7.3     2850173
2010-05-27T17:14:46.930    -13.673     166.672     34.70     7.2     2850951
2010-06-12T19:26:50.050      7.851      91.955     31.40     7.5     2873844
2010-06-16T03:16:29.120     -2.203     136.587     22.10     7.0     2874051
2010-07-18T13:35:00.900     -6.044     150.660     43.10     7.3     2875597
2010-07-23T22:08:11.220      6.711     123.488    610.20     7.3     2876678
2010-07-23T22:51:13.000      6.423     123.580    584.70     7.7     2876682
2010-07-23T23:15:09.820      6.740     123.327    633.70     7.5     2876688
2010-08-10T05:23:46.380    -17.535     168.038     33.50     7.3     2877974
2010-08-12T11:54:15.020     -1.278     -77.369    206.50     7.1     2878159
2010-09-03T16:35:46.480    -43.361     171.902      4.00     7.0     2879335
2010-09-29T17:11:24.970     -4.986     133.775     20.50     7.0     2880142
2010-10-25T14:42:22.180     -3.525     100.104     20.00     7.8     3180596
2010-12-21T17:19:41.160     26.899     143.705     13.80     7.4     3207124
2010-12-25T13:16:38.180    -19.837     167.938     15.70     7.3     3207318
2011-01-01T09:56:58.460    -26.851     -63.237    584.30     7.0     3207531
2011-01-02T20:20:18.170    -38.391     -73.399     24.40     7.1     3207533
2011-01-18T20:23:25.570     28.683      63.995     79.90     7.2     3275979
2011-03-09T02:45:19.590     38.441     142.980     26.20     7.3     3279302
2011-03-11T06:15:37.570     36.227     141.088     25.40     7.9     3279489
2011-03-11T06:25:50.740     38.051     144.630     19.80     7.6     3279409
2011-04-07T14:32:44.100     38.251     141.730     53.20     7.1     3282643
2011-06-24T03:09:38.920     51.980    -171.820     49.80     7.3     3316471
2011-07-06T19:03:20.470    -29.307    -176.257     25.40     7.6     3317258
2011-07-10T00:57:10.910     38.055     143.302     24.70     7.0     3317566
2011-08-20T16:55:04.090    -18.277     168.067     34.60     7.1     3320758
2011-08-20T18:19:24.610    -18.331     168.226     31.50     7.0     3320765
2011-08-24T17:46:11.560     -7.620     -74.538    149.30     7.0     3320961
2011-09-03T22:55:35.760    -20.628     169.778    136.60     7.0     3321530
2011-09-15T19:31:03.160    -21.593    -179.324    629.00     7.3     3322252
2011-10-21T17:57:17.310    -28.881    -176.033     34.80     7.4     3324246
2011-10-23T10:41:22.010     38.729      43.447      7.60     7.1     3324305
2011-10-28T18:54:34.750    -14.557     -76.121     29.00     7.0     3324631
2011-12-14T05:04:57.810     -7.528     146.814    128.50     7.1     3331341
2012-01-10T18:37:00.190      2.431      93.208     20.90     7.2     3332757
2012-02-02T13:34:41.010    -17.753     167.181     27.30     7.0     3333921
2012-03-14T09:08:36.230     40.842     145.015     19.20     7.0     3336084
2012-03-20T18:02:47.620     16.473     -98.369     19.40     7.5     3336492
2012-03-25T22:37:06.560    -35.203     -72.127     28.20     7.1     3336760
2012-04-12T07:15:49.170     28.839    -113.127     10.00     7.0     3337573
2012-08-14T02:59:38.860     49.750     145.306    590.70     7.7     3377518
2012-08-27T04:37:19.650     12.132     -88.660     16.00     7.3     3378056
2012-08-31T12:47:35.540     10.811     126.826     44.40     7.6     3379333
2012-09-05T14:42:07.730     10.024     -85.388     20.70     7.6     3379864
2012-09-30T16:31:34.070      1.908     -76.372    155.20     7.2     3414107
2012-10-28T03:04:07.790     52.678    -132.172      7.40     7.8     3533701
2012-11-07T16:35:49.310     14.032     -92.067     38.70     7.4     3567125
2012-12-07T08:18:23.630     37.820     144.159     35.30     7.2     3650366
2012-12-10T16:53:09.490     -6.497     129.868    161.50     7.1     3650528
2013-01-05T08:58:19.180     55.235    -134.801      3.10     7.5     3800250
2013-02-06T01:12:26.380    -10.864     165.142     23.80     7.9     4099810
2013-02-06T01:23:23.580    -11.257     164.930     34.00     7.1     4100102
2013-02-06T01:54:15.040    -10.509     165.817      9.90     7.0     4100745
2013-02-08T15:26:38.770    -10.893     166.145     22.40     7.0     4184250
2013-02-09T14:16:06.960      1.034     -77.462    144.20     7.0     4209613
2013-04-06T04:42:36.190     -3.471     138.474     69.40     7.0     4214964
2013-04-16T10:44:19.030     27.970      62.136     63.10     7.7     4215452
2013-04-19T03:05:52.630     46.072     150.924    109.00     7.2     4215630
2013-05-23T17:19:04.840    -23.078    -177.213    177.70     7.4     4218647
2013-07-07T18:35:31.380     -4.013     153.928    387.10     7.3     4221617
2013-07-15T14:03:41.730    -61.053     -25.227     19.90     7.3     4221969
2013-08-30T16:25:02.120     51.500    -175.214     30.20     7.0     4224881
2013-09-24T11:29:48.230     26.911      65.531     15.50     7.8     4309987
2013-09-25T16:42:43.180    -15.900     -74.601     38.20     7.0     4310063
2013-10-15T00:12:33.250      9.833     124.123     23.20     7.1     4310709
2013-10-25T17:10:17.090     37.146     144.754     14.70     7.1     4368379
2013-11-17T09:04:56.260    -60.378     -46.588      7.90     7.8     4368729
2014-04-01T23:57:56.540    -19.962     -71.018     10.80     7.0     4597528
2014-04-03T02:43:14.260    -20.589     -70.490     12.00     7.7     4597428
2014-04-11T07:07:22.810     -6.606     155.033     57.80     7.1     4598364
2014-04-12T20:14:38.580    -11.258     162.139     15.30     7.6     4598511
2014-04-13T12:36:19.050    -11.467     161.960     34.20     7.4     4598593
2014-04-18T14:27:24.690     17.321    -100.994     24.40     7.3     4599098
2014-04-19T13:28:00.720     -6.708     154.992     39.80     7.5     4599191
2014-06-23T20:53:09.930     51.703     178.643    102.10     7.9     4722865
2014-10-09T02:14:29.740    -32.299    -110.924      4.20     7.0     4810918
2014-10-14T03:51:37.110     12.589     -88.072     63.90     7.3     4811421
2014-11-01T18:57:22.350    -19.802    -177.833    435.30     7.1     4813335
2014-11-09T14:38:15.600     46.930     140.630     10.00     7.6    10530532
2014-11-15T02:31:42.240      1.834     126.463     47.80     7.0     4814839
