1985-09-19T13:17:50.060     18.538    -102.324     29.20     8.1     3005157
1989-05-23T10:54:46.240    -52.371     160.642     10.00     8.1     3133114
1994-06-09T00:33:16.710    -13.872     -67.513    640.00     8.2      369471
1994-10-04T13:22:57.680     43.660     147.380     28.00     8.2      386277
1995-07-30T05:11:23.370    -23.303     -70.205     42.60     8.0      464259
1996-02-17T05:59:31.970     -0.939     136.947     50.40     8.1      488488
1997-08-26T00:53:11.200     42.760      43.400     10.10     8.4      616594
1997-12-04T16:39:17.000     42.000      45.030     12.20     8.1      600295
1999-08-18T01:02:36.560     40.816      30.622      6.00     8.0      771994
2000-11-16T04:54:56.160     -3.975     152.182     28.00     8.0     1036668
2001-06-23T20:33:09.330    -16.303     -73.561      2.20     8.4     1197473
2003-09-25T19:50:07.280     41.749     143.873     33.00     8.3     1634667
2004-12-23T14:59:00.680    -49.710     161.576     10.00     8.1     1901091
2005-03-28T16:09:35.290      2.096      97.113     30.00     8.6     2092067
2006-05-03T15:26:39.960    -20.163    -174.145     53.50     8.0     2192055
2006-06-01T18:57:02.910     19.054     120.884     13.00     8.4     2184888
2006-06-05T00:50:31.530     17.992     119.075    124.00     8.0     2196544
2006-11-15T11:14:14.540     46.681     153.211     12.20     8.3     2343284
2007-01-13T04:23:23.250     46.231     154.503     22.50     8.1     2444354
2007-04-01T20:39:56.510     -8.447     157.026      9.50     8.1     2404872
2007-08-15T23:40:58.450    -13.384     -76.555     41.20     8.0     2584474
2007-09-12T11:10:26.870     -4.464     101.396     35.50     8.5     2559759
2009-09-29T17:48:11.550    -15.512    -171.937     18.50     8.1     2838721
2010-02-27T06:34:13.330    -36.148     -72.933     28.10     8.8     2844986
2012-04-11T08:38:37.800      2.238      93.014     26.30     8.6     3337497
2012-04-11T10:43:10.530      0.767      92.428     21.60     8.2     3337502
2013-05-24T05:44:49.880     54.815     153.391    607.00     8.3     4218658
2014-04-01T23:46:47.380    -19.619     -70.788     17.10     8.1     4597319
